            0  -6.8713e-05   9.9855e-01   3.1191e-02   8.5194e-01  -1.4545e-03
   6.2832e-02   1.2541e-01   9.8986e-01   1.3825e-01   9.7569e-01  -2.2557e-03
   1.2566e-01   2.4871e-01   9.6576e-01   2.4531e-01   9.1382e-01  -2.8237e-03
   1.8850e-01   3.6813e-01   9.2723e-01   3.6792e-01   9.4011e-01  -2.5471e-03
   2.5133e-01   4.8175e-01   8.7385e-01   4.8158e-01   9.1293e-01  -2.4530e-03
   3.1416e-01   5.8776e-01   8.0606e-01   5.9736e-01   6.9622e-01  -2.9554e-03
   3.7699e-01   6.8433e-01   7.2728e-01   6.5656e-01   7.4157e-01  -1.6934e-03
   4.3982e-01   7.7054e-01   6.3678e-01   7.8374e-01   8.0084e-01  -6.4562e-04
   5.0265e-01   8.4437e-01   5.3364e-01   8.5784e-01   3.7735e-01  -2.1916e-03
   5.6549e-01   9.0466e-01   4.2453e-01   8.7858e-01   4.4359e-01  -1.2461e-03
   6.2832e-01   9.5107e-01   3.0843e-01   9.6932e-01   3.1825e-01  -5.9081e-04
   6.9115e-01   9.8217e-01   1.8729e-01   9.5856e-01   1.9375e-01  -8.7758e-05
   7.5398e-01   9.9814e-01   6.3101e-02   1.0180e+00   1.9435e-01   3.1080e-04
   8.1681e-01   9.9803e-01  -6.4160e-02   1.0074e+00  -2.8505e-01  -1.3694e-03
   8.7965e-01   9.8202e-01  -1.8692e-01   9.4638e-01  -1.3994e-01   4.6156e-04
   9.4248e-01   9.5106e-01  -3.0747e-01   9.7223e-01  -2.3395e-01   1.5473e-03
   1.0053e+00   9.0474e-01  -4.2433e-01   8.8758e-01  -4.3048e-01   1.4541e-03
   1.0681e+00   8.4441e-01  -5.3438e-01   8.6404e-01  -5.0146e-01   1.4441e-03
   1.1310e+00   7.7044e-01  -6.3652e-01   7.6155e-01  -7.3574e-01   9.0244e-04
   1.1938e+00   6.8444e-01  -7.2704e-01   6.7913e-01  -6.8810e-01   1.9266e-03
   1.2566e+00   5.8771e-01  -8.0670e-01   5.8861e-01  -7.9833e-01   2.3205e-03
   1.3195e+00   4.8169e-01  -8.7374e-01   4.7849e-01  -8.6975e-01   2.5624e-03
   1.3823e+00   3.6812e-01  -9.2706e-01   3.7002e-01  -8.6828e-01   2.7191e-03
   1.4451e+00   2.4870e-01  -9.6666e-01   2.6027e-01  -1.0526e+00   1.9239e-03
   1.5080e+00   1.2517e-01  -9.8964e-01   1.0547e-01  -1.0183e+00   2.4755e-03
   1.5708e+00  -2.7435e-05  -9.9654e-01   4.3352e-03  -9.2484e-01   3.4615e-03
   1.6336e+00  -1.2529e-01  -9.8883e-01  -1.2697e-01  -9.4282e-01   3.2813e-03
   1.6965e+00  -2.4855e-01  -9.6624e-01  -2.3262e-01  -1.0129e+00   2.3433e-03
   1.7593e+00  -3.6813e-01  -9.2765e-01  -3.8154e-01  -9.6492e-01   2.1255e-03
   1.8221e+00  -4.8169e-01  -8.7382e-01  -4.7513e-01  -7.6469e-01   2.4820e-03
   1.8850e+00  -5.8775e-01  -8.0792e-01  -5.7373e-01  -9.8753e-01   1.0942e-03
   1.9478e+00  -6.8475e-01  -7.2643e-01  -7.2333e-01  -6.3274e-01   2.5422e-03
   2.0106e+00  -7.7032e-01  -6.3494e-01  -7.3275e-01  -5.2432e-01   2.4857e-03
   2.0735e+00  -8.4432e-01  -5.3517e-01  -8.5510e-01  -6.8325e-01   6.5644e-04
   2.1363e+00  -9.0482e-01  -4.2461e-01  -9.0447e-01  -3.4529e-01   1.1663e-03
   2.1991e+00  -9.5104e-01  -3.0860e-01  -9.4188e-01  -3.2194e-01   4.1408e-04
   2.2619e+00  -9.8238e-01  -1.8751e-01  -9.8538e-01  -2.1656e-01  -1.2772e-04
   2.3248e+00  -9.9817e-01  -6.2995e-02  -9.9631e-01  -1.0074e-01  -2.0493e-04
   2.3876e+00  -9.9822e-01   6.3109e-02  -1.0107e+00   8.9517e-02   3.1846e-04
   2.4504e+00  -9.8231e-01   1.8780e-01  -9.7381e-01   2.7206e-01   4.1851e-04
   2.5133e+00  -9.5102e-01   3.0819e-01  -9.4233e-01   2.2529e-01  -8.2246e-04
   2.5761e+00  -9.0485e-01   4.2503e-01  -9.1719e-01   4.4973e-01  -7.4768e-04
   2.6389e+00  -8.4419e-01   5.3477e-01  -8.2930e-01   5.6278e-01  -1.0600e-03
   2.7018e+00  -7.7045e-01   6.3561e-01  -7.7575e-01   5.8876e-01  -1.8091e-03
   2.7646e+00  -6.8445e-01   7.2717e-01  -6.8133e-01   7.7478e-01  -1.8030e-03
   2.8274e+00  -5.8769e-01   8.0648e-01  -5.8103e-01   7.9068e-01  -2.5354e-03
   2.8903e+00  -4.8176e-01   8.7331e-01  -4.8261e-01   8.0612e-01  -2.9951e-03
   2.9531e+00  -3.6820e-01   9.2741e-01  -3.7842e-01   9.6763e-01  -2.3648e-03
   3.0159e+00  -2.4867e-01   9.6623e-01  -2.3941e-01   9.4207e-01  -2.3515e-03
   3.0788e+00  -1.2536e-01   9.9018e-01  -1.4166e-01   1.0903e+00  -1.9396e-03
   3.1416e+00   1.8608e-04   9.9690e-01   3.4612e-02   9.4696e-01  -3.0991e-03
   3.2044e+00   1.2519e-01   9.8867e-01   9.6341e-02   8.8628e-01  -3.4417e-03
   3.2673e+00   2.4867e-01   9.6645e-01   2.5736e-01   1.0965e+00  -2.1337e-03
   3.3301e+00   3.6808e-01   9.2691e-01   3.7191e-01   8.2161e-01  -2.8653e-03
   3.3929e+00   4.8162e-01   8.7440e-01   4.6385e-01   9.2610e-01  -1.9082e-03
   3.4558e+00   5.8784e-01   8.0726e-01   6.0467e-01   8.7935e-01  -1.7555e-03
   3.5186e+00   6.8451e-01   7.2624e-01   6.8486e-01   6.0206e-01  -2.7304e-03
   3.5814e+00   7.7037e-01   6.3571e-01   7.5598e-01   6.2562e-01  -1.7163e-03
   3.6442e+00   8.4428e-01   5.3530e-01   8.4209e-01   6.4684e-01  -5.2909e-04
   3.7071e+00   9.0490e-01   4.2467e-01   9.1855e-01   3.6213e-01  -1.1061e-03
   3.7699e+00   9.5101e-01   3.0833e-01   9.3311e-01   3.2299e-01  -6.8693e-04
   3.8327e+00   9.8239e-01   1.8689e-01   9.9973e-01   2.0528e-01  -4.9479e-04
   3.8956e+00   9.9798e-01   6.2201e-02   9.8470e-01  -3.5505e-02  -5.8912e-04
   3.9584e+00   9.9803e-01  -6.1923e-02   9.9080e-01   7.2761e-02   8.6747e-04
   4.0212e+00   9.8242e-01  -1.8720e-01   1.0030e+00  -1.7005e-01   1.8482e-04
   4.0841e+00   9.5098e-01  -3.0978e-01   9.4807e-01  -5.2482e-01  -7.6768e-04
   4.1469e+00   9.0456e-01  -4.2409e-01   8.7108e-01  -3.1422e-01   1.6941e-03
   4.2097e+00   8.4439e-01  -5.3342e-01   8.6910e-01  -4.7725e-01   2.4029e-03
   4.2726e+00   7.7050e-01  -6.3523e-01   7.5114e-01  -6.4982e-01   2.1979e-03
   4.3354e+00   6.8474e-01  -7.2677e-01   7.0578e-01  -7.1242e-01   2.2017e-03
   4.3982e+00   5.8784e-01  -8.0706e-01   5.7209e-01  -7.6685e-01   1.9594e-03
   4.4611e+00   4.8191e-01  -8.7524e-01   5.1305e-01  -1.0206e+00   1.0680e-03
   4.5239e+00   3.6787e-01  -9.2730e-01   3.1559e-01  -9.1170e-01   2.4731e-03
   4.5867e+00   2.4885e-01  -9.6497e-01   2.8391e-01  -7.9424e-01   3.6119e-03
   4.6496e+00   1.2535e-01  -9.9010e-01   1.1597e-01  -1.1393e+00   2.0178e-03
   4.7124e+00   1.3369e-05  -9.9723e-01  -2.4330e-03  -9.3738e-01   2.7691e-03
   4.7752e+00  -1.2528e-01  -9.8956e-01  -1.1962e-01  -9.4291e-01   2.5523e-03
   4.8381e+00  -2.4869e-01  -9.6700e-01  -2.3941e-01  -1.0642e+00   1.5791e-03
   4.9009e+00  -3.6832e-01  -9.2764e-01  -3.8708e-01  -9.5587e-01   2.1362e-03
   4.9637e+00  -4.8183e-01  -8.7318e-01  -4.7965e-01  -7.4353e-01   3.1247e-03
   5.0265e+00  -5.8777e-01  -8.0698e-01  -5.7395e-01  -8.7113e-01   2.0347e-03
   5.0894e+00  -6.8465e-01  -7.2703e-01  -6.9859e-01  -7.2045e-01   1.9423e-03
   5.1522e+00  -7.7049e-01  -6.3569e-01  -7.5502e-01  -6.4971e-01   1.7306e-03
   5.2150e+00  -8.4442e-01  -5.3410e-01  -8.6188e-01  -5.3590e-01   1.7261e-03
   5.2779e+00  -9.0473e-01  -4.2405e-01  -8.8971e-01  -3.5456e-01   1.7338e-03
   5.3407e+00  -9.5099e-01  -3.0839e-01  -9.5099e-01  -3.5674e-01   6.2583e-04
   5.4035e+00  -9.8224e-01  -1.8710e-01  -9.7937e-01  -2.1903e-01   2.7783e-04
   5.4664e+00  -9.9801e-01  -6.2357e-02  -1.0060e+00  -5.3326e-02   4.3349e-04
   5.5292e+00  -9.9791e-01   6.3232e-02  -9.9277e-01   1.5414e-01   4.4099e-04
   5.5920e+00  -9.8212e-01   1.8639e-01  -9.6729e-01   1.0420e-01  -9.9542e-04
   5.6549e+00  -9.5106e-01   3.0789e-01  -9.6658e-01   3.0591e-01  -1.1223e-03
   5.7177e+00  -9.0474e-01   4.2457e-01  -8.9041e-01   4.4784e-01  -1.2064e-03
   5.7805e+00  -8.4436e-01   5.3418e-01  -8.5402e-01   4.8728e-01  -1.6477e-03
   5.8434e+00  -7.7049e-01   6.3609e-01  -7.6794e-01   6.7382e-01  -1.3336e-03
   5.9062e+00  -6.8449e-01   7.2736e-01  -6.8468e-01   7.4784e-01  -1.6075e-03
   5.9690e+00  -5.8768e-01   8.0682e-01  -5.7999e-01   8.2550e-01  -2.1945e-03
   6.0319e+00  -4.8171e-01   8.7325e-01  -4.7720e-01   8.2825e-01  -3.0588e-03
   6.0947e+00  -3.6821e-01   9.2659e-01  -3.7183e-01   8.2628e-01  -3.1823e-03
   6.1575e+00  -2.4883e-01   9.6689e-01  -2.6954e-01   1.0948e+00  -1.6908e-03
   6.2204e+00  -1.2520e-01   9.8990e-01  -9.6663e-02   8.1401e-01  -2.2134e-03
   6.2832e+00  -4.5230e-05   9.9597e-01   7.6211e-02   1.3757e+00  -4.0252e-03
# RUN TIME: 0 ms (0 min 0 s 0 ms)
